





6
7
8
9
10
11
12
13
14
15























































71
72


75
76
77
78














93
94




99
100


































































































































































































































































































































































































487
488